"StructureDescription"
"S4"
"Order"
24
"DimensionsOfReps"
[ 1, 3, 2, 3, 1 ]
"SizeConjugacyClasses"
[ 1, 6, 3, 8, 6 ]
"CharacterTable"
[ [ 1, -1, 1, 1, -1 ], [ 3, -1, -1, 0, 1 ], [ 2, 0, 2, -1, 0 ], [ 3, 1, -1, 0, -1 ], [ 1, 1, 1, 1, 1 ] ]
"Generators"
[ [ [ [ -1 ] ], [ [ -1 ] ] ], [ [ [ 0, 0, -1 ], [ 0, 1, 0 ], [ 1, 0, 0 ] ], [ [ 0, -1, 0 ], [ -1, 0, 0 ], [ 0, 0, -1 ] ] ], 
  [ [ [ 0, E(3) ], [ E(3)^2, 0 ] ], [ [ 0, 1 ], [ 1, 0 ] ] ], 
  [ [ [ 0, 0, 1 ], [ 0, -1, 0 ], [ -1, 0, 0 ] ], [ [ 0, -1, 0 ], [ -1, 0, 0 ], [ 0, 0, 1 ] ] ], [ [ [ 1 ] ], [ [ 1 ] ] ] ]
